15 41 45 36 32 26 11
13 32 23 09 14 12 36
18 43 03 24 08 13 20
23 12 21 03 27 36 17
09 01 23 17 22 20 33
11 01 18 19 14 02
30 16 39 44 32 03
36 40 25 41 05 44
02 20 06 08 41 43
21 02 19 20 17 33
32 05 28 11 38 26
14 08 03 41 27 35
35 22 36 13 21 17
38 12 33 13 32 30
31 26 45 36 44 05
18 03 22 30 02 36
42 28 06 11 27 26
08 13 07 44 25 23
11 21 45 04 18 27
39 44 26 38 22 43
38 05 10 37 25 04
36 01 04 25 06 02
16 42 26 28 41 17
35 06 17 43 34 04
41 25 18 16 19 10
37 36 24 20 13 17
45 03 44 24 12 02
01 34 35 07 11 04
42 23 29 08 01 06
09 05 26 22 42 43
14 22 23 33 12 15
14 30 12 37 38 20
10 03 31 39 01 17
33 42 34 16 44 01
45 43 27 11 41 25
15 31 30 10 32 25
42 09 30 24 01 37
27 41 14 26 12 06
43 11 12 33 01 35
02 43 21 05 30 27
45 14 35 42 08 09
43 08 07 37 03 27
14 01 27 11 23 37
41 25 06 03 08 24
42 03 20 11 36 15
21 45 44 38 34 36
28 23 05 21 04 01
36 38 05 45 35 29
34 13 19 22 44 05
16 01 21 11 15 25
17 13 38 31 03 22
03 37 38 18 36 32
42 18 24 45 17 32
34 19 05 18 23 02
23 39 45 31 21 33
19 44 25 13 40 30
26 05 24 35 09 06
33 20 26 19 16 04
30 17 33 35 19 14
35 24 45 29 22 31
21 02 26 09 36 42
35 15 08 42 45 03
18 16 45 27 22 05
35 19 08 18 16 25
22 13 34 42 02 10
37 09 17 36 13 21
31 09 43 01 03 44
41 08 32 26 12 36
39 08 21 03 11 22
41 10 08 36 25 13
05 25 20 44 09 30
43 13 04 40 19 06
13 08 18 15 10 43
24 36 18 31 02 01
29 26 44 28 13 11
15 11 22 44 14 20
30 41 23 03 26 28
02 18 25 15 30 32
27 31 05 09 38 13
40 15 36 35 06 38
22 40 31 32 16 34
12 36 35 08 17 02
30 08 23 16 35 38
38 12 37 24 21 34
08 16 37 07 22 20
22 15 09 10 38 30
04 25 03 31 43 01
23 10 45 17 35 22
18 25 36 22 01 06
39 13 03 05 02 35
41 03 28 01 13 09
29 27 05 24 38 34
44 03 01 31 36 04
13 19 05 44 43 24
41 35 16 31 37 29
18 36 43 42 02 28
29 34 43 22 15 02
34 23 22 16 11 31
17 22 14 05 15 33
22 05 10 24 27 41
03 21 04 33 43 45
05 10 24 36 39 43
04 10 15 28 44 45
02 05 09 17 24 26
01 09 13 34 36 39
12 13 19 23 24 42
11 15 20 31 36 45
05 10 25 32 33 41
11 13 15 20 37 43
04 16 19 22 23 30
03 07 18 28 34 44
02 17 28 31 34 41
08 12 18 23 32 33
08 11 13 18 20 30
05 08 17 19 26 34
13 22 23 27 32 42
01 03 14 29 32 35
02 18 20 26 29 33
01 14 19 37 43 44
01 02 14 19 32 39
03 23 26 33 41 45
11 23 30 37 38 42
25 29 30 36 40 44
11 17 31 33 38 44
12 16 17 24 25 31
11 16 23 29 33 44
24 25 30 36 37 40
04 23 29 37 39 43
11 14 27 31 32 43
09 18 19 26 31 38
01 04 10 11 25 32
12 16 32 33 39 44
01 05 10 23 27 36
08 09 20 24 40 41
03 19 35 39 43 44
11 13 22 26 42 45
04 07 12 20 35 38
10 24 29 38 39 45
03 29 31 36 37 38
03 10 32 42 43 44
01 04 10 11 19 45
07 08 12 16 17 20
02 06 15 27 40 43
08 10 22 28 31 36
01 06 15 25 26 28
01 20 25 27 38 44
05 24 26 27 34 43
04 08 12 17 25 43
05 27 29 34 35 41
06 10 13 34 35 39
14 22 23 27 28 40
14 18 19 20 36 45
11 14 28 38 39 40
07 09 26 34 35 45
14 18 26 27 30 32
03 07 08 28 30 39
08 11 19 24 33 38
14 17 23 30 32 43
01 16 24 34 39 45
01 29 30 31 40 42
02 04 07 14 23 42
02 11 21 23 25 33
02 05 31 34 35 43
07 08 23 27 32 43
06 21 25 39 44 45
11 17 20 35 36 37
05 06 11 13 21 42
02 14 16 26 42 43
12 17 21 25 41 43
03 05 06 16 28 42
03 05 13 15 23 32
10 16 18 19 28 35
03 05 06 15 16 27
14 16 25 27 29 41
26 29 31 32 39 41
17 25 29 42 44 45
08 22 24 29 31 32
01 15 17 32 37 40
02 06 34 37 41 42
01 08 14 36 37 41
17 18 21 34 35 42
09 24 27 30 31 35
01 04 10 13 23 42
10 13 15 36 37 43
18 19 25 30 37 44
03 10 12 25 30 41
02 07 15 41 43 45
09 18 21 26 27 40
10 15 31 32 41 44
05 26 31 41 44 45
02 15 24 31 33 40
04 06 14 21 43 45
01 04 12 19 31 45
06 20 32 35 43 45
01 08 11 12 15 36
05 15 22 30 33 45
15 18 20 29 30 45
04 06 18 20 34 44
02 17 19 27 37 42
05 08 11 12 33 44
05 08 15 19 34 42
10 12 16 28 39 41
02 04 19 20 27 44
04 06 17 18 27 41
08 16 22 35 38 45
05 12 15 21 34 35
07 09 26 32 40 43
15 20 22 30 35 36
02 04 08 25 29 35
01 22 29 38 39 43
01 05 06 24 26 33
04 09 13 36 39 45
04 11 13 20 22 42
04 13 26 28 35 38
04 10 14 25 30 40
01 07 08 09 26 34
15 27 28 31 32 38
03 12 16 23 32 42
04 08 09 13 32 45
13 20 23 27 42 43
01 05 07 36 37 45
01 14 15 27 34 35
13 22 24 26 32 34
02 06 09 14 34 42
02 15 19 22 42 45
02 03 05 07 10 19
07 14 15 25 28 35
15 16 17 27 30 45
03 04 15 16 41 43
01 14 17 22 35 39
13 17 28 38 43 45
13 14 16 24 25 31
07 08 20 34 42 45
02 03 20 21 35 42
05 19 22 29 34 38
12 18 21 30 40 45
01 05 06 12 24 40
05 07 20 24 34 36
04 16 17 26 32 36
03 07 08 34 35 37
01 06 07 27 30 34
06 09 15 25 32 38
01 10 11 28 35 44
06 20 28 31 34 39
03 17 20 25 34 45
01 24 29 34 38 43
02 16 23 40 42 45
08 13 28 30 34 44
07 17 21 22 33 44
15 17 22 31 34 41
04 12 14 17 20 42
09 12 13 14 23 40
12 19 20 27 29 38
06 08 18 22 32 37
13 20 30 39 44 45
10 36 38 39 40 41
18 20 28 31 37 43
04 05 12 22 33 42
02 08 12 22 33 42
08 11 15 19 25 45
10 15 18 19 32 34
15 24 30 34 35 37
09 21 30 31 35 41
02 06 14 27 29 42
05 14 19 21 38 39
10 11 18 20 24 45
01 05 23 24 36 40
12 21 27 32 44 45
08 09 17 40 44 45
01 23 24 27 29 33
06 07 14 23 27 28
08 09 11 12 14 43
01 02 03 04 30 43
02 20 31 38 41 42
10 27 30 34 37 42
05 11 14 24 25 26
17 20 25 31 35 39
10 11 22 25 27 41
02 03 07 18 23 35
10 23 26 30 37 40
08 15 30 32 42 43
04 11 13 15 28 32
09 13 18 20 29 31
01 13 17 18 36 45
25 31 34 37 41 44
08 12 30 35 37 41
20 22 24 38 39 42
11 23 24 29 40 42
13 26 28 29 35 42
13 14 15 16 24 37
03 09 33 34 39 40
10 11 15 22 23 33
02 10 18 19 31 40
03 10 28 31 39 44
16 19 24 34 39 40
02 05 08 13 20 43
09 11 12 15 32 33
01 05 10 14 21 22
10 20 29 33 43 45
01 16 34 35 36 45
01 08 14 17 20 27
06 15 17 21 23 38
02 09 11 19 38 43
01 20 21 25 33 34
02 16 33 34 35 40
07 29 31 33 36 45
03 20 23 28 37 42
01 13 14 15 23 38
02 12 18 20 27 42
17 18 26 27 29 41
01 04 19 27 29 30
13 15 16 22 34 40
19 24 26 42 43 45
02 07 11 12 35 40
04 11 15 28 29 33
03 06 08 11 24 44
11 16 35 40 43 44
10 11 17 24 27 41
08 10 22 26 34 38
14 16 22 24 29 32
06 22 25 30 37 42
06 09 39 40 42 44
12 19 23 28 30 39
02 08 14 20 26 35
01 18 21 23 35 40
12 13 18 19 21 34
01 04 19 34 40 44
08 10 18 20 29 32
10 21 25 28 30 33
03 22 38 41 43 44
10 13 15 16 30 34
12 17 27 34 40 41
12 15 16 26 30 41
02 12 19 25 28 41
05 10 11 34 36 39
10 23 27 34 39 40
08 13 18 32 34 35
06 12 14 17 22 34
05 11 27 32 41 45
06 18 20 24 31 43
01 05 07 32 34 45
04 07 12 26 29 32
10 21 22 26 33 38
04 07 12 27 29 32
05 11 24 36 37 38
06 14 16 26 28 41
09 14 16 25 35 40
03 19 21 25 31 37
18 21 30 40 42 43
01 16 27 31 40 42
06 12 17 22 26 33
11 14 17 41 43 44
05 10 11 24 28 34
02 21 25 26 30 40
14 22 30 40 41 43
03 13 17 26 34 36
09 14 25 26 37 40
01 02 13 19 34 36
11 18 35 37 42 44
06 09 25 26 30 36
04 19 26 27 31 35
02 03 14 16 33 43
04 05 08 11 23 27
02 17 24 26 29 31
16 26 36 38 39 40
07 14 22 29 33 39
04 06 13 14 23 28
01 03 11 14 35 43
04 05 22 26 33 42
04 09 12 14 31 34
08 19 27 30 36 45
01 24 29 30 32 45
07 12 19 23 29 39
13 19 23 33 34 35
03 04 26 27 38 42
02 05 06 16 34 43
11 17 18 28 32 40
08 13 18 36 39 44
11 23 27 32 36 40
12 21 29 39 40 43
11 14 16 19 20 45
03 07 24 35 38 39
04 08 20 28 29 35
04 06 10 19 22 28
02 17 24 31 41 42
07 10 11 14 42 44
06 20 28 30 31 45
01 09 18 35 36 39
06 11 15 24 32 39
02 03 29 32 39 41
02 05 17 30 42 43
10 14 16 21 39 42
07 09 10 14 15 22
02 06 15 17 27 37
04 14 20 30 41 45
01 03 06 12 22 42
02 10 13 20 35 38
15 29 37 39 40 45
03 05 20 25 32 43
04 09 20 30 37 41
11 16 18 27 36 38
04 14 15 26 32 37
02 07 08 10 26 35
09 13 21 23 26 31
01 14 25 27 29 36
14 19 28 30 36 38
04 05 12 17 22 32
06 09 13 26 28 42
19 25 31 35 42 44
09 27 34 38 41 43
16 22 30 31 33 38
21 23 29 30 32 39
05 11 12 18 35 42
01 15 19 21 33 40
02 03 27 31 34 35
06 12 20 24 31 42
10 11 22 27 37 42
14 19 25 37 40 45
04 08 16 17 19 20
19 21 23 37 40 44
02 07 29 32 36 39
16 17 18 35 40 42
06 09 21 23 37 42
17 22 31 37 38 41
01 04 21 23 31 32
01 02 08 22 30 32
01 08 10 11 20 40
12 18 21 23 34 38
24 26 28 33 35 43
15 26 31 34 37 39
03 07 16 20 41 44
06 10 27 30 33 37
06 21 23 26 40 41
20 22 36 38 40 45
12 19 21 24 30 33
05 21 26 31 37 40
07 10 13 15 18 30
02 11 12 13 25 42
04 06 10 14 17 32
03 04 08 24 26 33
09 14 20 22 30 35
06 08 31 34 36 44
03 15 20 26 39 45
04 10 21 22 26 36
01 17 21 39 42 44
13 15 16 20 23 37
02 16 32 33 34 37
07 21 26 28 31 44
03 07 08 23 27 42
15 19 27 33 35 37
07 08 22 34 39 40
04 22 29 30 43 44
06 09 10 15 21 36
07 10 18 27 31 44
03 13 29 36 40 41
12 27 32 36 41 45
06 18 24 25 40 45
01 04 17 19 28 38
05 06 07 23 32 44
02 05 11 25 36 37
04 10 18 24 34 39
01 05 06 12 27 31
02 08 11 31 34 43
04 09 13 17 21 30
17 18 21 23 30 34
02 25 26 33 37 38
08 10 19 30 31 41
03 16 31 39 40 41
04 08 15 24 29 31
26 28 33 39 43 44
14 15 18 31 41 43
01 16 32 34 40 45
01 20 21 22 32 35
12 23 24 28 37 42
01 02 06 22 27 38
02 06 13 15 39 40
13 21 26 35 37 45
03 13 17 20 22 37
02 05 10 15 36 43
06 10 33 34 35 37
07 19 29 33 36 41
03 16 18 25 32 45
01 02 10 11 18 26
05 10 19 24 26 27
04 11 13 15 16 38
01 11 31 32 35 44
04 07 12 30 39 44
07 19 21 22 28 35
12 15 17 29 31 38
10 11 13 18 35 39
08 15 18 33 39 43
01 04 05 15 32 42
01 03 14 17 26 28
08 11 20 40 41 43
05 12 17 22 27 41
11 23 33 36 38 44
07 12 17 29 36 39
07 09 12 26 41 42
03 14 21 23 25 45
02 03 13 21 25 35
08 10 11 23 37 40
14 16 19 25 26 45
06 14 17 25 37 41
24 30 32 36 39 40
02 06 10 12 24 36
02 15 18 28 34 36
01 08 19 20 22 31
01 02 05 21 25 37
04 12 25 33 38 45
03 09 13 21 38 42
02 11 19 36 42 45
02 19 20 28 31 35
13 20 28 37 43 44
04 21 28 30 33 39
01 19 25 30 31 45
03 04 05 06 22 34
02 03 07 25 35 36
07 19 24 28 29 34
05 11 12 13 20 24
01 07 12 18 20 43
05 12 15 16 36 37
05 23 25 34 42 45
04 08 12 13 18 39
08 10 15 16 21 25
11 12 28 32 37 44
05 09 16 18 35 38
18 28 33 36 37 38
04 11 13 23 25 32
03 10 17 22 25 33
03 05 10 16 27 28
05 10 22 23 26 39
19 22 30 41 42 45
01 16 24 28 41 45
03 04 05 13 27 37
08 09 19 22 38 43
05 15 24 27 37 42
02 21 22 34 39 40
12 13 17 25 36 42
02 05 10 23 27 40
11 19 22 28 29 33
05 07 09 23 39 40
07 24 28 32 41 42
06 20 23 25 37 43
13 18 33 34 44 45
10 12 19 22 39 42
02 12 14 15 20 21
14 22 27 33 34 45
06 07 21 26 35 42
10 13 21 22 34 45
06 18 19 33 35 40
03 05 22 27 34 40
03 09 14 38 40 41
10 15 31 32 36 43
14 29 30 32 40 41
03 13 25 33 40 45
10 19 22 23 32 43
05 08 25 36 37 41
03 10 11 20 27 32
16 17 19 25 26 34
18 33 36 38 39 42
04 05 06 11 12 30
16 20 25 27 28 31
15 18 20 29 32 41
19 21 26 31 33 41
04 18 23 25 40 41
01 03 06 24 25 39
04 16 20 22 32 45
02 05 28 33 38 43
03 14 15 20 37 45
06 11 12 14 27 28
05 20 25 28 35 39
07 08 13 14 25 45
02 04 16 28 29 34
10 12 19 22 28 45
09 16 23 31 33 36
03 13 15 31 36 41
03 09 28 35 40 42
02 05 14 15 38 42
08 12 13 32 37 38
02 03 06 13 15 29
11 12 15 21 24 28
17 18 25 28 30 32
10 20 32 39 40 44
01 03 16 27 31 44
04 07 20 24 25 35
04 19 20 23 36 42
01 03 08 17 32 43
03 08 12 14 33 37
13 15 16 17 27 39
01 09 13 23 27 43
02 05 09 35 38 41
04 05 08 12 21 34
05 07 26 35 40 44
09 13 14 32 35 37
02 05 08 14 25 37
05 11 17 22 36 37
01 09 24 32 37 41
03 09 25 27 39 43
08 22 23 30 44 45
04 13 17 19 24 31
12 25 26 34 42 44
03 04 20 31 38 40
13 18 19 23 26 27
03 12 17 22 24 45
11 18 19 31 38 44
02 09 19 29 33 42
11 20 22 24 30 31
05 22 27 28 39 41
07 08 11 26 27 44
06 08 18 22 28 30
02 06 10 12 14 39
01 10 31 34 44 45
02 12 16 24 35 39
07 10 16 18 20 33
02 07 10 18 19 44
03 13 25 38 40 41
01 22 26 28 29 36
02 18 26 37 40 44
12 24 25 28 31 37
01 02 08 35 38 44
01 09 10 14 23 25
11 16 17 18 20 22
02 09 22 30 36 38
06 07 09 10 16 39
11 14 25 31 34 35
03 11 19 28 37 43
18 21 29 40 41 42
07 20 21 26 42 44
03 05 21 24 31 42
06 07 23 28 32 36
09 12 22 29 36 38
03 31 34 38 43 44
05 06 25 31 33 37
05 08 09 10 13 35
11 12 19 20 30 33
05 14 15 30 44 45
07 15 20 33 42 44
05 23 26 29 37 40
06 25 30 32 36 40
05 16 20 21 27 45
01 10 16 18 23 26
03 04 28 30 33 36
06 07 09 13 28 41
02 24 27 35 37 45
04 12 14 18 19 34
04 07 34 35 40 42
12 13 27 29 31 39
02 04 10 28 31 33
02 03 13 21 25 39
04 09 17 20 27 31
01 09 10 13 17 28
07 11 18 22 24 32
07 08 22 28 37 41
05 11 14 18 22 39
05 20 26 33 37 45
14 16 20 24 33 38
05 13 17 28 42 44
11 13 15 18 22 45
06 18 19 25 26 33
03 04 16 22 23 29
06 12 22 33 42 43
19 20 23 26 28 44
03 09 12 19 20 26
12 13 29 32 33 40
03 10 19 21 28 38
04 10 13 15 19 43
03 05 12 17 18 37
14 18 25 26 33 37
04 05 09 30 31 32
08 10 15 17 22 39
10 22 23 26 30 34
01 02 10 30 33 40
13 17 18 30 35 40
03 26 34 42 43 44
07 11 19 22 24 45
02 09 32 36 42 45
05 07 09 14 18 26
02 16 17 26 36 45
02 08 10 14 33 37
04 05 09 26 38 45
21 24 32 34 42 45
04 19 24 28 35 37
07 11 12 18 22 33
05 08 11 26 28 39
02 05 15 24 36 43
09 11 13 16 26 45
14 16 19 24 28 37
09 10 12 16 28 33
13 27 29 31 38 40
03 14 28 30 31 42
04 14 20 24 39 40
05 09 14 36 41 44
16 19 20 27 30 44
04 18 20 23 34 38
18 24 29 36 37 44
08 09 14 19 28 43
03 05 18 20 32 40
07 20 21 25 27 34
16 18 21 22 39 44
12 16 18 31 41 44
02 06 12 16 25 35
08 12 15 25 36 37
07 17 28 36 37 41
04 08 16 17 36 37
07 13 20 27 33 35
05 13 14 22 40 43
05 07 08 09 21 24
08 11 26 30 31 42
04 22 25 30 35 43
04 08 10 13 22 31
02 18 23 25 41 43
01 05 07 13 22 27
05 07 12 18 21 39
07 19 24 28 32 43
03 21 23 35 44 45
11 14 16 24 27 40
12 17 20 21 33 35
01 11 14 22 24 35
07 08 13 17 29 34
04 14 17 25 36 38
03 06 25 30 41 43
07 09 23 25 42 44
05 14 20 25 32 43
10 15 25 31 32 43
02 04 18 36 42 45
03 11 21 25 28 44
04 08 09 13 24 26
12 14 16 33 41 42
01 16 23 28 34 42
23 28 29 36 40 42
07 12 22 33 40 43
06 19 20 21 24 42
10 13 27 32 35 38
03 10 18 29 36 40
06 10 25 27 39 40
04 13 21 26 29 38
10 25 27 29 39 43
04 05 21 28 31 40
05 10 20 22 31 37
04 06 24 30 33 43
03 05 21 24 41 44
05 07 12 23 37 45
15 16 20 22 23 26
06 12 25 33 42 45
02 15 37 40 41 42
01 10 16 17 26 32
15 23 28 38 39 45
01 04 15 16 28 30
02 24 28 31 40 41
16 22 26 34 38 45
05 06 13 37 39 44
02 06 08 13 21 40
17 25 28 30 31 40
19 25 26 35 40 44
03 07 16 24 41 42
05 09 12 14 15 40
02 09 14 25 29 30
03 09 11 16 19 33
07 28 29 35 40 42
18 21 22 36 42 43
04 08 14 19 26 44
01 12 17 37 39 44
14 20 21 26 28 44
01 18 24 30 32 37
13 18 26 36 39 45
14 15 18 21 32 45
19 22 25 28 29 45
01 07 17 26 33 39
11 16 29 34 38 43
06 12 18 32 36 42
27 28 30 34 35 45
11 12 24 28 30 31
02 04 12 20 27 43
01 11 16 17 21 43
02 09 18 32 33 34
09 12 13 15 40 45
11 13 18 23 38 39
04 08 22 38 42 43
03 06 32 38 42 43
19 22 26 38 39 45
01 02 11 15 21 24
03 08 12 20 31 34
09 11 17 39 43 45
14 16 17 24 28 44
02 16 30 38 39 44
06 09 12 16 17 21
02 08 18 20 21 35
01 03 06 12 37 42
05 15 18 31 34 35
04 07 10 12 27 28
03 13 27 32 39 42
01 02 09 23 30 43
11 22 31 37 40 44
04 12 14 23 32 38
04 06 10 19 23 30
05 06 10 12 33 38
13 25 26 28 34 43
01 13 14 16 39 40
16 18 21 26 36 39
01 08 13 24 28 29
01 02 11 14 16 45
01 08 22 31 38 41
10 11 24 29 38 45
04 05 16 18 34 44
08 12 18 22 40 42
01 09 23 30 36 41
02 12 13 19 33 40
08 11 19 21 33 36
13 15 27 28 32 34
01 09 10 14 30 31
08 20 25 28 34 44
07 10 11 14 21 43
06 10 16 32 41 45
06 12 16 29 37 45
01 04 07 18 23 36
03 07 15 22 40 43
20 22 26 37 39 43
02 19 30 35 37 45
06 08 14 20 23 26
21 23 28 33 42 43
14 20 27 32 42 44
05 10 16 17 40 43
12 21 30 38 39 42
18 23 26 31 35 40
02 03 11 15 25 37
07 09 21 37 38 44
02 10 11 21 23 40
02 10 16 19 30 42
02 04 05 21 26 31
13 20 21 23 29 33
02 11 17 21 30 36
12 26 29 30 35 41
08 09 15 17 22 35
01 04 11 22 28 44
01 08 13 15 31 43
01 19 23 33 44 45
01 13 26 30 38 40
01 12 24 32 35 41
01 08 18 20 37 43
14 17 25 31 38 42
04 13 14 15 27 36
16 21 24 30 38 45
08 18 24 27 32 40
15 16 35 37 40 45
01 02 10 11 38 40
09 26 28 29 33 44
05 10 18 29 34 42
09 15 19 28 31 36
05 09 17 33 35 42
06 19 21 22 28 34
14 41 32 39 36 30
15 10 26 16 44 22
43 29 06 30 13 17
22 20 36 39 27 04
28 17 29 19 23 10
39 33 40 28 19 05
12 19 16 02 30 43
11 03 22 27 12 26
02 09 22 29 17 30
18 37 12 35 34 07
38 39 04 22 21 45
32 34 12 20 15 18
29 11 26 44 31 30
02 37 18 22 19 17
36 40 05 17 06 13
43 07 02 05 35 39
28 17 18 45 38 36
44 33 26 16 06 34
43 09 15 06 11 30
23 05 37 34 19 13
10 34 45 29 17 18
05 43 33 10 28 06
37 04 10 21 27 02
08 14 39 17 13 28
34 19 20 39 07 11
39 22 16 20 33 06
24 06 37 25 11 31
34 03 29 13 09 33
14 03 17 15 05 38
10 16 39 12 20 37
07 06 39 12 03 18
30 08 22 17 15 19
44 36 16 30 25 26
11 22 23 33 27 01
24 28 23 10 22 13
22 19 29 37 36 45
08 36 03 29 44 14
33 34 39 37 15 43
28 16 20 21 43 19
14 44 39 22 31 03
24 23 34 40 38 20
01 39 23 36 43 45
18 32 05 13 21 34
07 35 16 36 23 09
45 08 42 04 25 22
34 27 36 39 33 25
25 16 33 43 37 35
13 34 30 45 39 09
08 10 39 07 30 29
14 04 44 10 23 41
19 13 36 24 23 06
41 12 37 24 28 16
25 26 09 30 31 32
18 33 08 32 30 02
23 19 20 15 13 34
15 30 03 27 13 42
13 08 44 22 29 01
19 13 12 43 24 25
30 08 40 28 02 22
27 20 29 02 25 43
42 28 19 22 21 03
45 16 18 06 26 13
39 21 24 29 04 16
30 44 03 09 04 40
42 19 25 31 34 45
30 36 13 34 27 12
19 17 29 37 09 05
03 15 10 21 19 06
40 27 35 20 02 37
31 16 08 06 10 23
38 24 42 45 09 15
01 37 17 03 30 22
13 21 27 44 39 03
22 14 21 13 36 06
45 09 07 20 05 33
01 07 02 04 40 21
02 08 41 11 18 22
10 16 24 08 31 37
24 45 28 16 43 39
20 01 23 18 31 33
15 17 44 43 36 19
34 01 31 08 25 10
17 16 02 29 19 33
19 25 30 16 13 41
20 11 31 09 38 35
30 27 03 26 18 44
20 23 41 03 24 33
02 38 10 22 42 40
16 35 25 24 13 29
05 22 39 04 06 43
42 19 34 21 02 26
03 39 40 45 10 33
12 28 35 18 13 21
15 41 12 13 06 40
23 20 02 09 19 01
15 13 28 27 23 35
21 44 38 33 26 31
43 28 21 06 20 45
23 27 36 11 16 17
36 30 38 01 05 39
41 35 44 26 20 38
03 21 14 05 13 27
13 07 41 33 38 15
09 17 01 08 37 03
01 19 06 43 38 03
42 37 41 11 06 19
45 31 21 16 05 34
31 32 26 35 29 16
01 19 12 22 37 02
29 39 16 21 08 43
25 09 06 29 32 37
20 24 40 07 44 14
28 11 25 41 23 42
38 08 29 19 15 42
07 22 33 34 12 02
21 15 29 19 20 06
18 34 38 03 39 11
38 24 22 08 32 20
24 45 13 23 42 09
36 20 04 26 37 35
31 13 09 10 22 05
14 11 30 08 32 10
45 16 13 41 07 24
11 14 06 28 44 09
33 02 18 11 05 14
36 23 19 21 02 28
24 39 02 36 16 17
34 04 08 02 22 24
43 35 45 14 31 32
21 31 05 04 43 08
04 41 29 30 26 19
08 22 31 18 13 14
23 06 11 14 13 05
31 42 10 06 35 30
08 09 07 20 04 28
41 02 31 36 38 24
16 01 19 04 24 35
37 26 25 06 35 28
13 39 28 10 26 09
37 10 35 24 12 42
25 21 37 19 08 02
38 10 27 25 17 22
12 26 36 39 35 24
08 36 39 40 37 21
38 25 41 34 07 09
13 31 15 39 12 43
12 42 27 21 37 19
05 09 42 31 11 12
36 27 29 34 24 37
20 27 33 13 16 41
39 11 14 03 02 10
03 31 19 42 07 10
23 03 08 40 36 16
25 36 37 42 13 05
27 32 25 05 07 04
41 23 32 16 45 22
37 31 30 43 13 44
26 20 13 38 04 35
45 14 19 44 23 28
25 20 03 22 11 19
24 43 26 23 25 04
23 01 03 31 26 13
15 16 07 30 02 20
33 35 11 43 24 30
19 12 24 34 04 28
18 15 34 22 28 16
21 03 27 12 15 36
35 04 03 15 08 05
35 29 03 04 18 38
20 42 12 26 24 22
04 23 45 12 31 07
30 05 34 41 23 44
37 39 25 27 41 10
30 38 16 45 36 39
14 31 34 39 43 11
27 11 19 09 24 12
06 10 12 09 25 03
22 06 37 35 45 14
40 09 01 12 13 42
32 20 09 25 04 28
23 33 10 45 44 27
06 28 11 12 23 08
11 12 35 45 20 28
30 42 29 28 08 35
35 21 19 39 32 16
19 30 45 17 28 39
04 06 25 38 21 43
34 11 32 12 08 43
30 17 13 22 19 44
21 23 20 45 34 26
08 13 15 42 04 01
06 26 31 23 08 42
40 05 42 43 08 45
17 37 12 32 05 31
27 03 01 24 19 09
07 16 21 30 34 14
28 17 05 25 16 10
34 09 15 19 42 06
43 26 45 09 11 41
20 43 17 13 32 19
23 40 16 18 42 20
20 26 22 35 33 29
33 15 18 34 26 06
04 33 08 10 45 43
13 05 37 10 11 23
10 42 34 13 29 32
21 38 11 28 12 31
30 20 26 27 13 15
36 44 35 08 39 13
39 35 38 32 43 30
40 18 03 37 07 41
22 35 40 30 43 29
01 39 17 13 10 20
20 23 32 28 36 27
40 43 41 30 38 34
06 35 36 05 44 07
05 40 18 04 12 06
12 05 21 02 38 23
14 38 31 11 39 45
35 08 39 26 09 36
41 22 39 43 11 35
36 27 20 24 26 11
34 08 14 42 38 11
10 20 39 13 43 06
37 31 30 19 26 06
29 43 28 12 41 08
20 09 39 45 32 40
41 16 44 20 06 43
08 34 42 26 17 44
37 02 36 42 41 14
32 27 06 25 43 21
17 02 24 34 01 29
24 29 34 13 23 33
32 39 21 16 02 26
19 37 42 10 41 05
30 39 24 11 16 33
33 17 15 44 12 25
11 23 24 38 20 01
41 27 39 13 25 34
33 02 10 13 03 16
31 21 44 03 06 28
09 24 23 39 15 25
41 23 18 27 14 11
10 18 25 39 03 09
29 16 04 17 23 28
07 39 36 29 42 34
14 39 29 07 45 24
31 23 39 04 20 28
21 14 22 05 29 08
24 04 07 41 23 11
03 16 41 11 44 40
23 24 03 40 14 30
45 11 44 35 18 12
37 45 26 01 11 41
25 37 16 15 27 20
29 23 43 20 36 35
38 37 04 35 45 34
36 30 22 29 19 20
39 23 44 07 33 03
05 12 20 17 04 43
39 31 34 06 23 42
34 20 33 01 05 07
23 18 35 17 09 25
26 09 34 32 07 31
16 31 26 13 01 30
36 28 17 18 08 12
26 37 05 39 25 13
08 36 40 35 32 02
03 20 23 06 26 18
15 28 30 43 34 23
15 14 22 09 03 08
07 05 41 01 35 15
32 24 29 07 08 33
12 30 25 18 05 16
21 08 05 24 35 40
23 29 14 09 42 45
19 40 15 23 26 37
16 40 05 26 36 31
20 41 42 15 10 09
36 11 17 14 43 19
40 37 08 24 19 29
12 23 35 05 10 02
29 15 13 24 22 36
16 09 34 45 12 07
30 41 32 20 27 36
13 08 25 41 28 01
18 13 16 30 24 42
11 24 37 12 04 10
36 26 12 31 45 24
45 36 35 16 37 09
18 12 37 02 16 21
13 23 18 27 10 11
12 31 37 22 07 20
24 21 09 08 16 40
37 15 06 10 36 25
02 25 26 32 15 39
18 45 06 40 11 24
06 31 10 01 02 19
17 36 12 23 29 38
44 39 41 10 02 32
08 03 37 44 13 31
06 40 18 28 12 16
04 30 26 36 23 45
01 34 18 35 37 27
39 31 37 41 07 21
13 36 34 33 24 32
37 07 30 02 01 27
35 20 42 08 19 15
43 38 40 22 16 34
35 37 12 10 21 17
41 11 04 07 10 06
34 20 38 41 43 03
37 06 32 18 19 08
10 37 33 03 18 35
16 24 29 08 36 40
25 22 44 38 33 42
28 16 05 23 06 35
34 06 04 45 41 17
27 23 28 12 16 04
04 39 30 25 40 42
25 21 05 02 17 27
07 25 05 14 30 10
25 32 21 05 45 40
23 06 36 22 09 05
44 12 08 29 15 33
33 10 17 01 23 27
23 20 15 45 11 29
23 11 36 20 14 28
27 32 19 08 02 24
05 21 24 17 40 16
14 12 07 05 31 41
42 05 35 27 45 06
44 22 43 21 40 05
04 41 43 45 09 23
02 18 26 14 05 07
36 03 27 42 15 34
01 04 26 20 40 44
22 02 33 13 01 21
17 42 01 18 06 34
04 43 29 38 07 14
18 42 40 26 10 04
44 21 09 45 37 28
20 45 21 16 19 14
06 41 28 39 34 43
13 31 30 20 09 24
02 25 03 40 11 22
13 36 22 10 32 01
26 21 01 29 32 35
28 26 02 10 41 17
35 36 45 38 44 19
11 21 25 19 41 12
34 10 12 16 31 17
06 29 13 44 04 21
21 09 45 18 22 12
18 44 21 16 10 35
34 24 13 29 38 31
05 14 17 12 21 39
12 10 39 20 14 30
25 17 02 03 27 01
44 23 38 12 01 34
10 44 26 17 04 29
22 14 02 20 37 38
14 45 18 37 36 31
09 27 37 22 34 10
08 24 14 22 42 23
37 30 35 40 12 24
29 19 27 30 07 13
21 14 38 28 01 27
17 20 10 38 27 14
37 42 19 36 41 05
28 16 31 17 39 32
37 16 08 36 04 40
33 43 02 29 28 23
02 26 28 07 27 33
07 40 02 36 11 29
32 28 33 12 09 17
07 17 20 05 33 10
45 30 27 42 38 44
40 30 37 29 14 45
11 40 19 21 27 37
24 05 31 07 19 14
01 15 40 37 36 24
02 37 05 14 42 12
23 12 11 16 41 34
33 23 43 27 15 29
30 20 31 27 33 11
43 36 04 35 24 39
05 23 12 26 41 16
22 37 20 43 41 18
16 15 43 32 40 03
42 04 15 45 19 05
39 32 16 26 34 22
28 07 02 45 35 39
10 44 14 30 32 11
14 34 43 15 03 22
38 11 28 35 36 41
34 37 39 24 32 36
20 34 22 15 31 43
16 05 20 29 27 15
41 42 44 45 01 21
31 09 21 10 42 30
25 38 13 10 16 24
32 45 08 28 24 35
25 01 20 09 31 12
05 10 08 02 43 41
03 20 36 29 42 32
30 04 23 28 02 11
07 44 45 03 28 06
34 26 31 16 03 40
11 23 26 16 20 18
38 02 41 04 14 35
20 29 19 32 43 01
04 16 29 18 41 26
31 20 27 39 34 26
45 14 38 09 02 42
09 08 22 11 02 38
25 36 20 05 45 41
01 13 45 27 16 12
43 09 38 15 27 39
40 16 09 25 28 20
27 36 11 42 12 41
07 03 35 34 24 15
38 04 40 28 36 39
41 22 08 18 13 11
33 13 40 12 36 38
18 31 27 45 42 06
29 36 18 28 03 04
45 10 19 24 42 30
30 12 45 44 19 39
13 19 37 26 42 24
29 13 43 21 26 05
09 17 22 44 34 41
37 22 25 15 14 04
19 28 30 11 12 34
25 17 30 45 43 16
17 43 41 30 15 33
23 25 34 28 11 35
23 18 36 06 39 27
34 44 11 01 39 35
19 22 40 01 12 37
22 16 06 41 31 28
28 19 02 15 07 21
18 30 19 33 42 40
01 41 26 17 28 27
02 39 14 42 15 37
01 02 39 41 18 34
27 32 24 03 13 06
17 12 35 05 15 18
18 43 35 19 40 14
11 43 17 20 30 04
36 09 07 18 13 15
02 21 42 10 17 14
19 21 41 17 22 38
40 41 23 06 44 18
28 42 40 11 22 37
38 45 21 24 41 29
23 10 22 45 21 09
08 19 15 07 44 20
08 36 41 02 14 03
30 22 11 07 04 10
30 45 41 18 21 36
14 30 27 16 35 22
03 15 26 43 33 41
16 13 41 43 22 20
37 17 20 19 12 38
36 08 41 15 16 17
26 38 31 13 40 27
06 27 12 22 19 07
10 25 04 30 28 14
45 35 07 28 13 33
34 05 16 39 06 43
29 13 40 09 08 17
39 09 21 07 16 14
37 09 32 25 29 40
39 13 04 20 43 06
10 36 02 19 30 34
09 43 32 26 41 11
03 43 01 35 30 05
09 35 25 33 36 10
42 27 18 40 04 13
30 05 39 18 11 32
31 23 14 36 29 30
34 24 09 14 03 20
11 42 13 19 40 34
09 10 25 40 41 12
28 01 11 45 02 42
37 40 10 04 24 28
15 05 13 21 09 28
05 30 03 32 23 44
05 41 25 43 09 23
42 08 27 31 22 01
25 28 16 14 13 33
19 23 27 10 25 32
42 27 23 34 44 15
39 22 32 04 02 27
11 43 15 38 35 36
45 17 36 13 40 32
13 14 31 35 45 42
14 42 40 06 39 45
36 21 04 02 42 30
17 09 04 18 12 08
14 41 09 38 28 24
16 43 42 04 39 20
43 33 09 27 15 08
17 10 20 45 39 11
38 27 18 15 39 19
21 05 41 33 43 01
23 18 38 22 24 31
25 10 19 05 09 26
17 39 06 41 31 05
31 39 18 01 21 22
27 35 14 01 17 41
13 01 14 39 18 17
18 32 13 01 04 17
35 30 45 29 25 04
17 09 31 32 02 41
07 34 23 42 43 15
04 40 21 07 27 42
08 34 42 03 37 07
40 33 39 04 29 19
35 32 08 31 09 22
43 05 27 06 32 23
05 13 26 21 04 19
08 42 16 44 18 17
24 44 13 43 12 32
41 14 03 26 36 24
32 34 33 20 45 30
12 32 35 09 43 20
36 24 03 32 37 21
43 39 06 17 03 45
35 40 45 05 38 42
15 43 20 45 28 24
43 38 17 08 44 03
23 14 26 32 36 42
18 37 20 17 07 14
15 16 36 37 10 05
21 03 31 15 16 44
40 16 26 21 28 45
36 14 18 17 03 16
39 29 41 26 07 17
23 20 15 04 16 22
42 01 19 21 06 43
20 12 38 31 29 17
41 08 11 10 17 09
10 24 25 38 42 11
08 21 40 24 16 01
19 33 09 32 08 38
03 24 25 19 04 33
30 10 36 17 02 44
33 31 02 07 10 37
44 01 40 29 39 36
11 44 35 16 27 38
34 36 19 23 32 45
15 12 07 17 11 19
02 18 29 28 40 35
10 23 03 30 02 37
21 11 42 38 05 01
38 10 40 22 02 07
27 45 44 32 24 36
36 20 24 28 32 42
02 19 21 35 42 14
04 30 38 41 19 40
03 40 12 15 39 09
27 03 39 42 23 33
39 35 25 19 42 41
08 03 45 42 33 44
26 37 25 07 33 12
02 43 08 44 14 05
03 26 27 40 20 18
03 08 14 10 44 45
43 44 14 25 40 33
05 24 17 39 08 18
16 30 02 32 14 13
19 34 01 15 37 20
14 13 25 16 06 17
45 02 43 39 31 29
05 36 40 09 20 15
28 30 09 31 33 18
43 01 45 34 03 31
26 31 45 32 11 42
41 10 15 25 09 43
16 28 27 33 19 30
14 38 31 12 45 20
44 45 10 14 31 30
20 45 43 39 34 32
32 17 45 22 14 38
27 17 25 05 12 11
15 37 39 42 03 04
26 02 31 06 27 28
38 36 24 08 39 11
24 39 21 01 30 18
21 40 31 13 45 39
42 37 32 02 18 27
12 20 01 06 19 02
39 20 37 30 26 28
13 29 10 07 19 28
23 33 13 30 44 14
25 43 35 02 42 41
44 03 40 07 15 13
39 18 28 44 20 22
08 17 12 21 38 32
23 35 24 01 32 31
23 01 30 18 39 05
44 19 16 26 09 42
42 20 10 14 37 08
28 45 21 43 03 02
12 23 16 39 28 38
20 41 45 10 17 33
35 24 33 26 17 39
38 26 03 37 21 25
16 45 44 33 31 29
32 29 21 45 12 05
40 31 39 03 08 30
43 26 02 03 21 34
41 01 45 30 36 29
24 41 12 13 31 11
03 11 04 17 23 31
22 16 30 13 37 41
18 28 12 14 41 03
14 35 45 03 08 31
34 45 20 25 06 42
21 09 16 12 18 28
13 45 22 42 33 32
15 28 17 12 40 03
31 14 43 40 05 13
27 29 34 39 18 01
17 13 26 32 35 19
05 01 07 21 33 04
36 13 40 43 24 26
38 33 17 30 20 29
32 08 19 35 29 11
34 25 09 01 05 39
18 43 22 39 38 24
30 37 11 42 04 01
40 07 01 22 28 20
35 01 31 39 21 36
19 12 23 01 43 04
36 01 07 26 42 28
10 37 01 17 11 23
32 15 04 18 21 10
27 06 24 14 18 42
19 05 23 29 18 39
39 05 18 21 08 41
28 01 32 08 24 23
09 12 25 02 18 28
17 02 19 31 33 15
39 02 31 30 01 16
26 16 32 43 36 12
35 39 17 05 24 12
16 12 14 34 36 05
16 01 04 28 38 09
01 28 43 22 35 04
17 21 40 43 27 34
10 13 32 16 03 30
14 37 21 17 25 20
06 04 30 19 43 21
34 39 30 27 16 13
14 29 32 06 35 17
03 21 37 42 19 07
19 41 06 25 07 37
18 10 28 30 21 33
22 28 06 04 41 07
05 08 14 09 06 34
39 17 01 18 42 43
08 21 18 35 26 36
26 22 05 42 33 17
31 41 25 19 01 04
02 07 28 04 36 12
06 19 37 05 40 03
35 15 20 10 41 27
24 13 36 27 22 31
19 25 30 35 33 01
17 39 24 13 19 42
25 33 26 04 24 16
37 35 38 11 12 04
37 24 14 18 25 22
07 11 21 23 28 31
31 18 11 33 43 38
14 17 39 40 03 34
18 26 41 08 01 17
02 41 24 16 06 38
04 16 31 12 15 30
22 07 20 41 43 15
06 32 35 15 38 18
22 26 24 23 03 07
13 38 03 14 36 17
15 04 09 08 06 22
19 12 34 38 07 14
11 23 30 36 41 42
36 40 03 17 21 14
39 04 34 11 31 13
40 20 26 27 36 34
33 14 19 27 13 02
33 35 27 28 39 40
01 29 04 34 43 09
25 23 14 32 33 21
04 09 23 21 34 06
28 36 26 13 27 02
38 07 19 08 27 11
36 33 39 21 23 14
22 20 26 36 43 33
01 09 17 07 30 31
20 03 05 37 11 14
06 38 08 07 39 09
13 18 19 27 32 35
05 09 12 16 21 36
08 20 23 32 35 37
06 18 27 31 38 41
01 05 21 22 23 26
14 16 17 20 26 27
15 23 28 30 36 37
06 07 08 18 28 36
07 13 17 33 38 42
09 15 18 20 22 41
02 23 33 36 37 39
01 13 14 16 21 31
07 22 24 34 39 40
08 16 18 23 24 27
01 02 15 21 32 34
07 18 22 25 38 43
03 04 11 15 24 35
22 32 33 34 36 41
05 12 17 18 26 34
09 23 25 29 32 36
04 06 09 11 14 21
10 15 17 24 40 43
14 17 20 23 30 39
11 25 26 27 31 34
02 09 19 30 37 38
04 08 11 25 35 42
01 18 19 27 31 37
14 20 23 28 29 40
09 11 14 15 20 29
01 06 18 23 26 32
07 08 10 32 40 42
02 22 29 35 39 42
11 15 27 36 41 42
10 11 23 27 40 41
14 15 20 29 31 35
02 07 16 23 32 42
13 14 25 34 36 40
09 11 14 19 40 43
01 18 31 39 40 42
01 02 26 30 35 37
01 08 10 28 35 41
13 16 21 22 33 35
15 25 29 32 34 36
01 04 16 19 22 24
07 10 13 36 37 40
03 07 14 23 25 33
09 10 15 22 23 34
05 20 24 25 28 36
01 10 17 22 27 36
05 13 31 33 34 36
08 09 21 26 29 35
07 09 30 36 37 39
01 04 11 16 23 29
07 11 14 18 35 39
04 13 15 17 19 25
01 08 18 21 24 31
02 07 12 17 22 31
08 10 11 12 26 35
05 22 23 35 36 39
02 03 07 15 28 30
04 09 12 14 29 39
10 18 20 31 36 38
01 09 17 22 24 37
06 15 17 25 27 33
05 09 11 12 15 33
10 11 13 15 24 36
01 07 31 35 36 39
03 19 24 25 26 31
01 02 07 27 28 34
03 04 08 23 26 30
06 13 14 17 19 22
02 06 09 24 30 33
05 07 16 17 25 36
01 03 07 15 23 32
01 03 18 23 24 35
10 17 25 29 34 36
03 05 12 16 21 25
03 05 23 24 25 26
02 04 16 28 30 31
01 04 07 28 30 33
09 15 16 28 30 33
03 06 20 32 33 36
05 06 10 15 19 32
02 06 13 24 29 33
01 06 07 15 22 34
13 14 17 28 30 36
03 04 10 19 20 28
04 07 08 12 13 22
09 11 25 26 28 29
07 25 27 30 32 33
06 12 21 23 28 35
09 14 15 20 22 27
09 17 19 22 23 35
01 06 08 21 30 33
01 19 23 26 32 36
02 06 12 16 18 31
06 07 11 12 26 33
07 10 11 16 32 34
02 18 19 20 23 27
01 07 16 30 31 36
05 08 16 19 21 25
04 07 09 12 18 21
09 10 21 23 26 32
04 14 20 21 32 35
10 13 14 15 33 35
02 11 13 18 24 25
01 11 12 17 26 27
09 14 15 23 33 35
06 12 17 18 21 25
04 07 11 13 19 20
12 14 25 29 32 36
01 10 12 18 20 32
03 08 17 19 28 31
07 08 13 19 20 28
01 06 23 31 33 36
09 10 11 13 35 36
01 11 13 15 16 17
06 11 18 32 33 36
05 06 07 23 24 36
10 12 15 16 17 27
01 09 14 19 28 30
01 04 10 12 13 27
02 08 10 22 24 35
10 15 18 22 23 26
02 17 20 26 28 33
01 17 21 22 23 29
07 13 16 17 20 28
05 08 09 21 25 32
03 04 06 14 15 34
02 03 11 22 25 31
02 05 16 18 21 27
20 21 25 28 29 33
01 03 24 31 32 35
01 02 13 22 24 30
13 18 32 33 34 35
08 11 13 28 32 34
01 12 19 23 33 34
03 05 09 15 24 25
03 05 24 25 30 31
07 09 13 17 22 30
04 07 13 17 25 26
07 08 12 17 29 32
01 05 14 16 30 33
21 22 23 28 33 35
06 23 24 26 27 29
10 14 16 20 26 34
04 14 18 20 29 36
05 06 17 21 30 35
01 02 30 31 33 36
02 05 10 22 23 25
07 12 17 18 32 36
02 05 07 27 32 36
12 14 20 25 28 36
05 08 24 29 30 34
02 11 18 28 31 34
08 16 17 25 32 36
05 13 24 25 27 31
01 11 12 14 16 18
13 14 15 26 27 32
05 06 14 22 25 31
02 07 10 16 24 30
04 08 11 25 30 31
04 11 17 18 31 33
03 07 13 24 32 34
04 11 12 20 22 27
06 10 12 15 17 36
06 11 13 22 34 36
14 25 33 11 19 07
05 07 08 10 16 18
10 13 17 21 23 32
11 19 20 21 24 36
02 03 11 25 28 35
04 07 14 16 24 31
03 08 11 14 17 20
03 11 13 20 23 27
01 02 05 14 32 36
03 04 06 10 16 29
14 18 21 25 29 30
03 04 08 16 32 34
03 05 08 09 14 15
02 03 06 07 16 27
01 04 06 15 16 18
09 11 18 26 30 35
01 05 13 14 20 25
01 04 07 14 18 21
07 11 19 20 26 27
10 23 29 31 33 35
03 10 17 20 26 28
08 10 20 23 24 27
04 06 07 10 18 23
10 18 21 22 23 24
01 03 19 27 30 35
16 18 24 25 29 31
02 04 07 23 27 36
08 14 24 28 32 33
03 04 19 28 31 32
04 06 11 17 34 36
08 13 14 24 33 36
03 15 16 17 21 27
02 12 14 29 30 33
06 09 11 18 25 31
12 13 16 24 25 35
08 15 21 28 34 35
06 10 13 16 29 33
02 22 30 32 33 36
08 10 22 24 30 34
02 08 10 11 24 34
03 18 23 24 26 32
04 05 07 15 21 32
08 15 23 32 34 36
08 15 16 26 30 33
07 09 10 15 16 30
07 12 16 19 20 21
04 10 13 14 18 24
07 11 12 19 29 31
12 13 16 18 31 32
10 14 18 20 24 34
32 17 36 30 13 10
33
11
01
32
05
14
07
16
25
43
23
08
09
43
27
44
12
20
32
26
05
17
33
32
33
25
23
22
19
01
22
23
19
38
38
22
20
03
20
12
19
17
34
16
13
45
13
25
35
08
42
32
43
26
41
29
11
35
37
05
41
06
40
33
26
11
30
01
05
38
32
15
10
41
24
01
32
41
30
39
03
26
32
12
42
37
13
12
16
04
05
40
37
40
21
35
38
23
39
40
27
38
40
29
32
06
33
44
05
22
17
21
07
41
37
38
31
16
10
15
28
01
26
45
29
37
42
44
11
07
08
11
14
44
41
09
13
09
35
08
18
41
30
16
08
41
04
03
03
41
01
17
36
25
20
39
27
08
18
02
25
40
10
35
45
12
08
20
33
02
27
26
22
36
06
22
32
39
12
14
33
40
24
05
07
22
01
37
14
22
44
34
39
43
45
31
08
24
31
21
23
22
19
31
32
02
10
37
15
37
37
40
08
36
10
34
23
40
12
33
23
42
02
19
08
09
42
21
38
02
10
19
14
21
09
10
37
38
07
10
19
41
37
39
29
44
11
26
43
09
31
17
16
30
17
37
06
44
33
22
15
14
25
20
08
31
26
38
39
35
43
13
43
17
02
27
05
27
40
36
05
04
04
03
03
01
39
27
11
44
31
22
32
12
12
09
32
20
29
30
42
07
22
13
34
42
21
18
22
30
13
34
23
17
33
03
24
01
45
17
28
42
02
02
10
27
15
03
32
09
37
03
33
04
35
09
39
06
03
23
13
24
15
37
30
01
08
19
06
11
09
13
09
17
08
36
32
06
39
34
37
25
38
15
11
03
22
10
39
23
40
13
07
06
20
36
40
05
16
32
32
22
16
43
01
25
20
32
40
31
10
36
12
10
31
12
08
29
15
11
04
15
44
38
14
12
17
25
02
24
07
38
20
26
38
44
15
35
04
38
10
05
30
15
11
08
43
29
31
15
20
28
29
07
02
17
25
41
19
19
44
07
42
17
29
20
21
14
40
04
18
34
24
09
15
19
40
16
34
38
13
42
05
02
03
27
44
29
04
29
23
28
10
38
15
26
11
25
30
21
39
24
11
14
29
41
36
08
44
43
25
22
21
09
18
44
32
28
15
34
40
10
18
02
18
29
24
39
37
36
08
15
14
23
06
43
33
36
14
21
29
41
40
13
30
08
18
30
29
27
26
31
39
07
23
34
03
24
39
30
34
40
19
20
21
42
05
05
16
34
30
10
07
39
31
03
07
10
44
10
08
18
21
07
22
16
40
38
37
38
16
32
35
23
33
44
13
22
02
15
07
39
43
45
26
10
26
38
23
29
39
14
24
43
29
11
07
17
33
20
22
28
12
13
16
42
23
32
30
21
32
09
05
15
12
16
39
44
37
39
42
45
02
19
40
01
12
40
25
27
01
43
07
01
07
32
37
30
05
38
21
06
42
16
18
43
17
15
37
17
02
36
43
31
42
02
13
22
24
27
03
40
29
06
03
01
04
38
20
09
37
25
15
38
24
35
03
32
30
16
08
42
35
28
04
21
12
42
31
27
04
06
28
37
10
05
19
06
39
16
19
26
15
45
25
17
21
43
34
31
25
14
03
02
12
14
22
28
11
15
27
10
09
06
15
30
13
45
45
35
14
35
20
28
11
42
09
09
14
44
14
34
44
20
15
31
30
27
07
45
13
28
18
24
44
09
13
10
06
37
09
44
03
42
41
41
23
14
40
44
02
04
09
20
03
26
18
31
25
26
38
30
26
38
40
06
14
32
13
33
41
24
44
33
45
36
36
19
03
17
35
30
43
21
24
31
31
36
30
40
28
14
25
29
35
19
35
09
34
20
01
12
33
44
43
29
36
32
23
45
24
25
37
31
27
25
18
28
18
23
16
30
27
30
03
38
27
26
31
44
18
35
40
27
41
35
02
21
04
37
14
27
38
04
24
32
15
05
01
26
40
15
02
35
08
35
44
28
02
39
14
22
42
44
38
09
18
30
45
14
45
14
27
22
20
41
21
27
24
39
17
21
37
09
03
33
32
33
29
40
01
18
25
26
14
11
43
18
34
35
20
31
15
03
05
32
43
38
45
17
07
42
29
22
37
27
01
43
43
32
11
42
17
31
37
31
35
12
41
34
05
20
41
29
27
17
11
34
18
43
14
17
06
32
32
11
06
28
26
39
16
26
41
03
38
09
24
42
43
40
06
21
12
05
23
14
03
21
25
33
42
14
23
42
19
41
33
13
17
08
34
03
42
24
12
14
36
13
01
11
35
28
21
37
03
35
21
31
24
22
36
20
33
21
06
12
09
25
27
01
34
26
22
01
29
30
14
02
10
05
28
33
02
32
22
39
17
21
23
43
26
34
35
17
40
11
16
22
07
29
23
29
24
28
37
44
28
36
35
41
17
41
22
33
05
35
30
15
08
14
37
35
37
05
11
04
18
13
38
19
03
02
25
34
13
01
34
14
20
13
10
03
11
02
13
01
38
08
08
37
13
09
26
02
01
37
11
11
13
37
32
22
34
26
27
07
21
38
24
40
15
17
45
27
13
34
05
42
12
32
18
33
05
06
03
28
44
12
15
30
04
05
21
03
11
45
28
14
20
27
43
01
01
32
26
44
22
06
04
06
38
02
33
43
26
04
34
35
28
24
38
24
27
16
05
14
12
44
04
14
44
16
37
29
14
32
22
28
27
39
25
10
44
28
05
25
21
04
01
30
29
39
10
44
09
18
45
27
40
14
10
22
03
15
03
09
32
25
40
37
23
02
45
12
19
02
10
05
05
38
06
08
14
36
36
45
34
22
15
13
08
08
43
38
05
10
11
40
06
19
13
14
06
26
34
33
11
15
02
19
11
10
16
03
01
09
36
33
32
26
12
24
19
13
16
27
32
04
25
12
27
26
32
34
08
31
06
01
27
05
33
43
38
38
41
03
39
05
07
18
24
39
08
03
09
41
10
01
24
03
45
05
21
12
39
22
16
16
28
03
36
03
26
33
06
13
41
20
16
25
31
04
17
03
10
39
26
02
03
07
11
14
21
02
32
06
29
24
29
33
08
32
09
45
09
43
21
01
34
34
17
25
29
29
04
16
38
14
05
35
13
08
05
32
12
45
23
27
01
05
30
22
43
07
03
05
26
02
45
27
26
03
06
11
45
20
03
19
19
03
04
30
32
19
09
11
09
38
05
01
04
42
24
22
04
39
23
22
37
30
03
15
01
03
26
13
01
40
24
41
37
36
45
35
27
18
40
26
17
45
16
18
19
44
29
08
28
35
19
07
28
29
34
22
26
15
07
28
43
02
31
27
42
42
02
03
21
41
07
15
22
40
22
13
19
31
04
15
38
05
21
41
14
09
41
36
24
37
28
28
24
33
20
05
43
20
32
27
15
25
34
13
01
11
42
12
28
02
37
25
15
01
37 17 13
27 44 13 05
39 02 37
30 23 27
38 28
25 40 23 07
36
29
06
05 36 42 43
03 44
04 18 21 22
09 19 29
06 25
05 17 23 44
07 21 37
08 09
06 21
15 24 29
06 14 21
13 23
13 27 31 42
12 15 24 44
10 22 29
10 44
02 29
12 25
02 05 17 38
01
23 25
23 25 35 37
02 29 40
21 32
14 22 25 31
25 36 38 40
17 23 32 39
14 18 33 45
07 27 29 43
11 23 25 37
04 06 18 20
07 19 40 44
04 10 31 37
02 13 22
01 28
21 41
05 14 20
02 26
34 36 41
10 20
43 45
28 35 43
06 11 24
07 25 35
08 15 19
07 14 17 38
08 35
04 09 33
24 33
20
13
09
19 28 39
15 38
01
16 30
03 06 16 45
14 29 45
28 31 36 43
05 20 37
03 06 16 31
01 05 16 34
04 11 32
18 30
07 10 16
08 18 44
27
17 41
04 26 30 43
09 12 38
09 21 40
18 26 45
02 26
24
09 13 29 39
04 38
18 30 37
16 19
06 10 17 23
10 23 31
12
12
06 13 17 39
29 34 37
18 33
01 10 11 12
09 24 33 43
13 17 19
43
03 18 27 44
19 24 41 43
04 16 18 23
03 18 23 45
04 28 32 33
14 30 31 34
04 14 19 33
02 04 07 13
13 37 40 42
19 20 23 44
14 15 21 23
06 13 16 19
42 17 24 12
20 37 01 38
43 32 18 27
45 19 41 05
16 39 44 34
05 44 41
33 15 20
42 41 02 24
09 07 34 14
15 05
36 27 10 17
45 02 38 32
05 23 25 07
34 32 16 11
22 12 24 44
13 39 41 31
06 38 02 07
30 26 07 33
33 10 14 04
34 24 06 27
11 13 14 40
07 17 23 16
16 37 23 19
13 26 09 10
25 29 12 07
11 16 19 25
44 03 13 36
21 27 45 23
19 37 27 41
43 20 21 12
36 38 39 09
43 15 26 27
34 19 38 37
40 04 39 18
15 03 07 37
05 16 29 28
45 18 39 04
03 15 06 37
05 29 12 26
12 38 34 20
37 31 29 32
37 14 25 44
22 01 36 16
10 12 09 22
25 23 36 03
09 01 26 32
34 09 40 08
08 03 43 19
22 24 08 10
05 07 04 42
04 34 44 22
20 41 14 31
27 24 21 02
22 03 28 09
07 25 30 16
29 19 14 06
44 19 34 38
33 08 27 21
01 37 18 27
27 42 26 32
32 24 29 43
32 21 31 42
44 31 29 35
16 17 35 12
24 38 42 03
45 08 06 10
36 12 34 01
19 33 02 41
30 39 08 06
08 40 06 22
31 09 11 36
20 38 37 15
02 07 22 16
05 02
34
39
27 05
19 05
33 10
39 11
29 38
42 44 10
06 17